candidate_id,epoch_label,requested_filter,productFilename,dataURI,status,x_full,y_full,mjd,detector,actual_filter
2919926,early,F277W,jw01727012001_02101_00001_nrcalong_cal.fits,mast:JWST/product/jw01727012001_02101_00001_nrcalong_cal.fits,OUTSIDE_DETECTOR,,,,,
2919926,early,F277W,jw01727012001_02101_00002_nrcalong_cal.fits,mast:JWST/product/jw01727012001_02101_00002_nrcalong_cal.fits,OUTSIDE_DETECTOR,,,,,
2919926,early,F277W,jw01727012001_02101_00002_nrcblong_cal.fits,mast:JWST/product/jw01727012001_02101_00002_nrcblong_cal.fits,OUTSIDE_DETECTOR,,,,,
2919926,early,F277W,jw01727012001_02101_00004_nrcalong_cal.fits,mast:JWST/product/jw01727012001_02101_00004_nrcalong_cal.fits,OUTSIDE_DETECTOR,,,,,
2919926,early,F277W,jw01727012001_02101_00003_nrcalong_cal.fits,mast:JWST/product/jw01727012001_02101_00003_nrcalong_cal.fits,OUTSIDE_DETECTOR,,,,,
2919926,early,F277W,jw01727012001_02101_00004_nrcblong_cal.fits,mast:JWST/product/jw01727012001_02101_00004_nrcblong_cal.fits,COVERED,392.4343883047266,1215.5382803915086,60313.81468255787,NRCBLONG,F277W
2919926,early,F277W,jw01727012001_02101_00001_nrcblong_cal.fits,mast:JWST/product/jw01727012001_02101_00001_nrcblong_cal.fits,OUTSIDE_DETECTOR,,,,,
2919926,early,F277W,jw01727012001_02101_00003_nrcblong_cal.fits,mast:JWST/product/jw01727012001_02101_00003_nrcblong_cal.fits,COVERED,388.682713745178,1310.5307015760525,60313.81070553241,NRCBLONG,F277W
2919926,late,F200W,jw05893018003_02101_00003_nrca4_cal.fits,mast:JWST/product/jw05893018003_02101_00003_nrca4_cal.fits,OUTSIDE_DETECTOR,,,,,
2919926,late,F200W,jw05893018002_02101_00005_nrca4_cal.fits,mast:JWST/product/jw05893018002_02101_00005_nrca4_cal.fits,OUTSIDE_DETECTOR,,,,,
2919926,late,F200W,jw05893018002_02101_00006_nrcb1_cal.fits,mast:JWST/product/jw05893018002_02101_00006_nrcb1_cal.fits,OUTSIDE_DETECTOR,,,,,
2919926,late,F200W,jw05893018003_02101_00001_nrca4_cal.fits,mast:JWST/product/jw05893018003_02101_00001_nrca4_cal.fits,OUTSIDE_DETECTOR,,,,,
2919926,late,F200W,jw05893018002_02101_00002_nrca3_cal.fits,mast:JWST/product/jw05893018002_02101_00002_nrca3_cal.fits,OUTSIDE_DETECTOR,,,,,
2919926,late,F200W,jw05893018003_02101_00001_nrcb1_cal.fits,mast:JWST/product/jw05893018003_02101_00001_nrcb1_cal.fits,OUTSIDE_DETECTOR,,,,,
2919926,late,F200W,jw05893018002_02101_00001_nrcb2_cal.fits,mast:JWST/product/jw05893018002_02101_00001_nrcb2_cal.fits,OUTSIDE_DETECTOR,,,,,
2919926,late,F200W,jw05893018003_02101_00001_nrca3_cal.fits,mast:JWST/product/jw05893018003_02101_00001_nrca3_cal.fits,OUTSIDE_DETECTOR,,,,,
2919926,late,F200W,jw05893018004_02101_00002_nrca3_cal.fits,mast:JWST/product/jw05893018004_02101_00002_nrca3_cal.fits,OUTSIDE_DETECTOR,,,,,
2919926,late,F200W,jw05893018003_02101_00004_nrca3_cal.fits,mast:JWST/product/jw05893018003_02101_00004_nrca3_cal.fits,OUTSIDE_DETECTOR,,,,,
2919926,late,F200W,jw05893018002_02101_00006_nrcb2_cal.fits,mast:JWST/product/jw05893018002_02101_00006_nrcb2_cal.fits,OUTSIDE_DETECTOR,,,,,
2919926,late,F200W,jw05893018004_02101_00002_nrcb2_cal.fits,mast:JWST/product/jw05893018004_02101_00002_nrcb2_cal.fits,OUTSIDE_DETECTOR,,,,,
2919926,late,F200W,jw05893018002_02101_00002_nrcb2_cal.fits,mast:JWST/product/jw05893018002_02101_00002_nrcb2_cal.fits,OUTSIDE_DETECTOR,,,,,
2919926,late,F200W,jw05893018003_02101_00002_nrca3_cal.fits,mast:JWST/product/jw05893018003_02101_00002_nrca3_cal.fits,OUTSIDE_DETECTOR,,,,,
2919926,late,F200W,jw05893018002_02101_00004_nrcb1_cal.fits,mast:JWST/product/jw05893018002_02101_00004_nrcb1_cal.fits,OUTSIDE_DETECTOR,,,,,
2919926,late,F200W,jw05893018004_02101_00003_nrcb4_cal.fits,mast:JWST/product/jw05893018004_02101_00003_nrcb4_cal.fits,OUTSIDE_DETECTOR,,,,,
2919926,late,F200W,jw05893018003_02101_00004_nrcb1_cal.fits,mast:JWST/product/jw05893018003_02101_00004_nrcb1_cal.fits,OUTSIDE_DETECTOR,,,,,
2919926,late,F200W,jw05893018003_02101_00004_nrcb2_cal.fits,mast:JWST/product/jw05893018003_02101_00004_nrcb2_cal.fits,OUTSIDE_DETECTOR,,,,,
2919926,late,F200W,jw05893018004_02101_00004_nrca1_cal.fits,mast:JWST/product/jw05893018004_02101_00004_nrca1_cal.fits,OUTSIDE_DETECTOR,,,,,
2919926,late,F200W,jw05893018002_02101_00004_nrca4_cal.fits,mast:JWST/product/jw05893018002_02101_00004_nrca4_cal.fits,OUTSIDE_DETECTOR,,,,,
2919926,late,F200W,jw05893018003_02101_00002_nrca4_cal.fits,mast:JWST/product/jw05893018003_02101_00002_nrca4_cal.fits,OUTSIDE_DETECTOR,,,,,
2919926,late,F200W,jw05893018004_02101_00002_nrcb3_cal.fits,mast:JWST/product/jw05893018004_02101_00002_nrcb3_cal.fits,OUTSIDE_DETECTOR,,,,,
2919926,late,F200W,jw05893018002_02101_00002_nrcb1_cal.fits,mast:JWST/product/jw05893018002_02101_00002_nrcb1_cal.fits,OUTSIDE_DETECTOR,,,,,
2919926,late,F200W,jw05893018003_02101_00003_nrca3_cal.fits,mast:JWST/product/jw05893018003_02101_00003_nrca3_cal.fits,OUTSIDE_DETECTOR,,,,,
2919926,late,F200W,jw05893018002_02101_00001_nrca3_cal.fits,mast:JWST/product/jw05893018002_02101_00001_nrca3_cal.fits,OUTSIDE_DETECTOR,,,,,
2919926,late,F200W,jw05893018002_02101_00004_nrcb2_cal.fits,mast:JWST/product/jw05893018002_02101_00004_nrcb2_cal.fits,OUTSIDE_DETECTOR,,,,,
2919926,late,F200W,jw05893018004_02101_00001_nrca1_cal.fits,mast:JWST/product/jw05893018004_02101_00001_nrca1_cal.fits,OUTSIDE_DETECTOR,,,,,
2919926,late,F200W,jw05893018004_02101_00002_nrca1_cal.fits,mast:JWST/product/jw05893018004_02101_00002_nrca1_cal.fits,OUTSIDE_DETECTOR,,,,,
2919926,late,F200W,jw05893018003_02101_00003_nrcb1_cal.fits,mast:JWST/product/jw05893018003_02101_00003_nrcb1_cal.fits,OUTSIDE_DETECTOR,,,,,
2919926,late,F200W,jw05893018004_02101_00003_nrca3_cal.fits,mast:JWST/product/jw05893018004_02101_00003_nrca3_cal.fits,OUTSIDE_DETECTOR,,,,,
2919926,late,F200W,jw05893018003_02101_00004_nrca4_cal.fits,mast:JWST/product/jw05893018003_02101_00004_nrca4_cal.fits,OUTSIDE_DETECTOR,,,,,
2919926,late,F200W,jw05893018004_02101_00003_nrca4_cal.fits,mast:JWST/product/jw05893018004_02101_00003_nrca4_cal.fits,OUTSIDE_DETECTOR,,,,,
2919926,late,F200W,jw05893018002_02101_00003_nrca4_cal.fits,mast:JWST/product/jw05893018002_02101_00003_nrca4_cal.fits,OUTSIDE_DETECTOR,,,,,
2919926,late,F200W,jw05893018002_02101_00001_nrcb1_cal.fits,mast:JWST/product/jw05893018002_02101_00001_nrcb1_cal.fits,OUTSIDE_DETECTOR,,,,,
2919926,late,F200W,jw05893018004_02101_00003_nrcb2_cal.fits,mast:JWST/product/jw05893018004_02101_00003_nrcb2_cal.fits,OUTSIDE_DETECTOR,,,,,
2919926,late,F200W,jw05893018003_02101_00002_nrcb1_cal.fits,mast:JWST/product/jw05893018003_02101_00002_nrcb1_cal.fits,OUTSIDE_DETECTOR,,,,,
2919926,late,F200W,jw05893018002_02101_00006_nrca3_cal.fits,mast:JWST/product/jw05893018002_02101_00006_nrca3_cal.fits,OUTSIDE_DETECTOR,,,,,
2919926,late,F200W,jw05893018004_02101_00002_nrcb4_cal.fits,mast:JWST/product/jw05893018004_02101_00002_nrcb4_cal.fits,OUTSIDE_DETECTOR,,,,,
2919926,late,F200W,jw05893018002_02101_00002_nrca4_cal.fits,mast:JWST/product/jw05893018002_02101_00002_nrca4_cal.fits,OUTSIDE_DETECTOR,,,,,
2919926,late,F200W,jw05893018004_02101_00001_nrcb4_cal.fits,mast:JWST/product/jw05893018004_02101_00001_nrcb4_cal.fits,OUTSIDE_DETECTOR,,,,,
2919926,late,F200W,jw05893018002_02101_00003_nrcb1_cal.fits,mast:JWST/product/jw05893018002_02101_00003_nrcb1_cal.fits,OUTSIDE_DETECTOR,,,,,
2919926,late,F200W,jw05893018002_02101_00006_nrca4_cal.fits,mast:JWST/product/jw05893018002_02101_00006_nrca4_cal.fits,OUTSIDE_DETECTOR,,,,,
2919926,late,F200W,jw05893018004_02101_00001_nrcb3_cal.fits,mast:JWST/product/jw05893018004_02101_00001_nrcb3_cal.fits,OUTSIDE_DETECTOR,,,,,
2919926,late,F200W,jw05893018004_02101_00001_nrca2_cal.fits,mast:JWST/product/jw05893018004_02101_00001_nrca2_cal.fits,OUTSIDE_DETECTOR,,,,,
2919926,late,F200W,jw05893018002_02101_00003_nrcb2_cal.fits,mast:JWST/product/jw05893018002_02101_00003_nrcb2_cal.fits,OUTSIDE_DETECTOR,,,,,
2919926,late,F200W,jw05893018004_02101_00004_nrcb3_cal.fits,mast:JWST/product/jw05893018004_02101_00004_nrcb3_cal.fits,OUTSIDE_DETECTOR,,,,,
2919926,late,F200W,jw05893018004_02101_00003_nrcb3_cal.fits,mast:JWST/product/jw05893018004_02101_00003_nrcb3_cal.fits,OUTSIDE_DETECTOR,,,,,
2919926,late,F200W,jw05893018004_02101_00004_nrca3_cal.fits,mast:JWST/product/jw05893018004_02101_00004_nrca3_cal.fits,OUTSIDE_DETECTOR,,,,,
2919926,late,F200W,jw05893018002_02101_00005_nrcb1_cal.fits,mast:JWST/product/jw05893018002_02101_00005_nrcb1_cal.fits,OUTSIDE_DETECTOR,,,,,
2919926,late,F200W,jw05893018002_02101_00001_nrca4_cal.fits,mast:JWST/product/jw05893018002_02101_00001_nrca4_cal.fits,OUTSIDE_DETECTOR,,,,,
2919926,late,F200W,jw05893018004_02101_00004_nrca4_cal.fits,mast:JWST/product/jw05893018004_02101_00004_nrca4_cal.fits,OUTSIDE_DETECTOR,,,,,
2919926,late,F200W,jw05893018004_02101_00002_nrcb1_cal.fits,mast:JWST/product/jw05893018004_02101_00002_nrcb1_cal.fits,OUTSIDE_DETECTOR,,,,,
2919926,late,F200W,jw05893018002_02101_00005_nrcb2_cal.fits,mast:JWST/product/jw05893018002_02101_00005_nrcb2_cal.fits,OUTSIDE_DETECTOR,,,,,
2919926,late,F200W,jw05893018004_02101_00002_nrca4_cal.fits,mast:JWST/product/jw05893018004_02101_00002_nrca4_cal.fits,OUTSIDE_DETECTOR,,,,,
2919926,late,F200W,jw05893018004_02101_00003_nrca1_cal.fits,mast:JWST/product/jw05893018004_02101_00003_nrca1_cal.fits,OUTSIDE_DETECTOR,,,,,
2919926,late,F200W,jw05893018004_02101_00003_nrca2_cal.fits,mast:JWST/product/jw05893018004_02101_00003_nrca2_cal.fits,OUTSIDE_DETECTOR,,,,,
2919926,late,F200W,jw05893018002_02101_00005_nrca3_cal.fits,mast:JWST/product/jw05893018002_02101_00005_nrca3_cal.fits,OUTSIDE_DETECTOR,,,,,
2919926,late,F200W,jw05893018004_02101_00003_nrcb1_cal.fits,mast:JWST/product/jw05893018004_02101_00003_nrcb1_cal.fits,OUTSIDE_DETECTOR,,,,,
2919926,late,F200W,jw05893018004_02101_00002_nrca2_cal.fits,mast:JWST/product/jw05893018004_02101_00002_nrca2_cal.fits,OUTSIDE_DETECTOR,,,,,
2919926,late,F200W,jw05893018004_02101_00001_nrcb2_cal.fits,mast:JWST/product/jw05893018004_02101_00001_nrcb2_cal.fits,OUTSIDE_DETECTOR,,,,,
2919926,late,F200W,jw05893018004_02101_00001_nrca3_cal.fits,mast:JWST/product/jw05893018004_02101_00001_nrca3_cal.fits,OUTSIDE_DETECTOR,,,,,
2919926,late,F200W,jw05893018004_02101_00001_nrca4_cal.fits,mast:JWST/product/jw05893018004_02101_00001_nrca4_cal.fits,OUTSIDE_DETECTOR,,,,,
2919926,late,F200W,jw05893018004_02101_00004_nrca2_cal.fits,mast:JWST/product/jw05893018004_02101_00004_nrca2_cal.fits,OUTSIDE_DETECTOR,,,,,
2919926,late,F200W,jw05893018005_02101_00002_nrca4_cal.fits,mast:JWST/product/jw05893018005_02101_00002_nrca4_cal.fits,OUTSIDE_DETECTOR,,,,,
2919926,late,F200W,jw05893018005_02101_00002_nrca1_cal.fits,mast:JWST/product/jw05893018005_02101_00002_nrca1_cal.fits,OUTSIDE_DETECTOR,,,,,
2919926,late,F200W,jw05893018005_02101_00004_nrca2_cal.fits,mast:JWST/product/jw05893018005_02101_00004_nrca2_cal.fits,OUTSIDE_DETECTOR,,,,,
2919926,late,F200W,jw05893018005_02101_00002_nrcb3_cal.fits,mast:JWST/product/jw05893018005_02101_00002_nrcb3_cal.fits,OUTSIDE_DETECTOR,,,,,
2919926,late,F200W,jw05893018005_02101_00003_nrca3_cal.fits,mast:JWST/product/jw05893018005_02101_00003_nrca3_cal.fits,OUTSIDE_DETECTOR,,,,,
2919926,late,F200W,jw05893018005_02101_00003_nrcb1_cal.fits,mast:JWST/product/jw05893018005_02101_00003_nrcb1_cal.fits,OUTSIDE_DETECTOR,,,,,
2919926,late,F200W,jw05893018005_02101_00001_nrca2_cal.fits,mast:JWST/product/jw05893018005_02101_00001_nrca2_cal.fits,OUTSIDE_DETECTOR,,,,,
2919926,late,F200W,jw05893018005_02101_00001_nrcb2_cal.fits,mast:JWST/product/jw05893018005_02101_00001_nrcb2_cal.fits,OUTSIDE_DETECTOR,,,,,
2919926,late,F200W,jw05893018005_02101_00001_nrcb4_cal.fits,mast:JWST/product/jw05893018005_02101_00001_nrcb4_cal.fits,OUTSIDE_DETECTOR,,,,,
2919926,late,F200W,jw05893018005_02101_00003_nrca1_cal.fits,mast:JWST/product/jw05893018005_02101_00003_nrca1_cal.fits,OUTSIDE_DETECTOR,,,,,
2919926,late,F200W,jw05893018005_02101_00002_nrca2_cal.fits,mast:JWST/product/jw05893018005_02101_00002_nrca2_cal.fits,OUTSIDE_DETECTOR,,,,,
2919926,late,F200W,jw05893018005_02101_00002_nrcb2_cal.fits,mast:JWST/product/jw05893018005_02101_00002_nrcb2_cal.fits,OUTSIDE_DETECTOR,,,,,
2919926,late,F200W,jw05893018005_02101_00003_nrcb3_cal.fits,mast:JWST/product/jw05893018005_02101_00003_nrcb3_cal.fits,OUTSIDE_DETECTOR,,,,,
2919926,late,F200W,jw05893018005_02101_00003_nrca4_cal.fits,mast:JWST/product/jw05893018005_02101_00003_nrca4_cal.fits,OUTSIDE_DETECTOR,,,,,
2919926,late,F200W,jw05893018005_02101_00003_nrcb4_cal.fits,mast:JWST/product/jw05893018005_02101_00003_nrcb4_cal.fits,OUTSIDE_DETECTOR,,,,,
2919926,late,F200W,jw05893018005_02101_00002_nrcb1_cal.fits,mast:JWST/product/jw05893018005_02101_00002_nrcb1_cal.fits,OUTSIDE_DETECTOR,,,,,
2919926,late,F200W,jw05893018005_02101_00001_nrca3_cal.fits,mast:JWST/product/jw05893018005_02101_00001_nrca3_cal.fits,OUTSIDE_DETECTOR,,,,,
2919926,late,F200W,jw05893018005_02101_00002_nrcb4_cal.fits,mast:JWST/product/jw05893018005_02101_00002_nrcb4_cal.fits,OUTSIDE_DETECTOR,,,,,
2919926,late,F200W,jw05893018005_02101_00003_nrcb2_cal.fits,mast:JWST/product/jw05893018005_02101_00003_nrcb2_cal.fits,OUTSIDE_DETECTOR,,,,,
2919926,late,F200W,jw05893018005_02101_00001_nrca4_cal.fits,mast:JWST/product/jw05893018005_02101_00001_nrca4_cal.fits,OUTSIDE_DETECTOR,,,,,
2919926,late,F200W,jw05893018005_02101_00001_nrcb3_cal.fits,mast:JWST/product/jw05893018005_02101_00001_nrcb3_cal.fits,OUTSIDE_DETECTOR,,,,,
2919926,late,F200W,jw05893018005_02101_00001_nrcb1_cal.fits,mast:JWST/product/jw05893018005_02101_00001_nrcb1_cal.fits,OUTSIDE_DETECTOR,,,,,
2919926,late,F200W,jw05893018005_02101_00001_nrca1_cal.fits,mast:JWST/product/jw05893018005_02101_00001_nrca1_cal.fits,OUTSIDE_DETECTOR,,,,,
2919926,late,F200W,jw05893018005_02101_00002_nrca3_cal.fits,mast:JWST/product/jw05893018005_02101_00002_nrca3_cal.fits,OUTSIDE_DETECTOR,,,,,
2919926,late,F200W,jw05893018005_02101_00004_nrca3_cal.fits,mast:JWST/product/jw05893018005_02101_00004_nrca3_cal.fits,OUTSIDE_DETECTOR,,,,,
2919926,late,F200W,jw05893018003_02101_00005_nrca1_cal.fits,mast:JWST/product/jw05893018003_02101_00005_nrca1_cal.fits,OUTSIDE_DETECTOR,,,,,
2919926,late,F200W,jw05893018003_02101_00002_nrca1_cal.fits,mast:JWST/product/jw05893018003_02101_00002_nrca1_cal.fits,OUTSIDE_DETECTOR,,,,,
2919926,late,F200W,jw05893018003_02101_00006_nrcb1_cal.fits,mast:JWST/product/jw05893018003_02101_00006_nrcb1_cal.fits,OUTSIDE_DETECTOR,,,,,
2919926,late,F200W,jw05893018003_02101_00005_nrca2_cal.fits,mast:JWST/product/jw05893018003_02101_00005_nrca2_cal.fits,OUTSIDE_DETECTOR,,,,,
2919926,late,F200W,jw05893018002_02101_00006_nrca2_cal.fits,mast:JWST/product/jw05893018002_02101_00006_nrca2_cal.fits,OUTSIDE_DETECTOR,,,,,
2919926,late,F200W,jw05893018003_02101_00005_nrcb2_cal.fits,mast:JWST/product/jw05893018003_02101_00005_nrcb2_cal.fits,OUTSIDE_DETECTOR,,,,,
2919926,late,F200W,jw05893018003_02101_00002_nrcb2_cal.fits,mast:JWST/product/jw05893018003_02101_00002_nrcb2_cal.fits,OUTSIDE_DETECTOR,,,,,
2919926,late,F200W,jw05893018002_02101_00004_nrcb4_cal.fits,mast:JWST/product/jw05893018002_02101_00004_nrcb4_cal.fits,OUTSIDE_DETECTOR,,,,,
2919926,late,F200W,jw05893018003_02101_00001_nrca1_cal.fits,mast:JWST/product/jw05893018003_02101_00001_nrca1_cal.fits,OUTSIDE_DETECTOR,,,,,
2919926,late,F200W,jw05893018002_02101_00005_nrca2_cal.fits,mast:JWST/product/jw05893018002_02101_00005_nrca2_cal.fits,OUTSIDE_DETECTOR,,,,,
2919926,late,F200W,jw05893018003_02101_00004_nrcb3_cal.fits,mast:JWST/product/jw05893018003_02101_00004_nrcb3_cal.fits,OUTSIDE_DETECTOR,,,,,
2919926,late,F200W,jw05893018002_02101_00005_nrcb3_cal.fits,mast:JWST/product/jw05893018002_02101_00005_nrcb3_cal.fits,OUTSIDE_DETECTOR,,,,,
2919926,late,F200W,jw05893018003_02101_00005_nrcb1_cal.fits,mast:JWST/product/jw05893018003_02101_00005_nrcb1_cal.fits,OUTSIDE_DETECTOR,,,,,
2919926,late,F200W,jw05893018003_02101_00003_nrca1_cal.fits,mast:JWST/product/jw05893018003_02101_00003_nrca1_cal.fits,OUTSIDE_DETECTOR,,,,,
2919926,late,F200W,jw05893018002_02101_00004_nrca1_cal.fits,mast:JWST/product/jw05893018002_02101_00004_nrca1_cal.fits,OUTSIDE_DETECTOR,,,,,
2919926,late,F200W,jw05893018003_02101_00004_nrca1_cal.fits,mast:JWST/product/jw05893018003_02101_00004_nrca1_cal.fits,OUTSIDE_DETECTOR,,,,,
2919926,late,F200W,jw05893018003_02101_00004_nrca2_cal.fits,mast:JWST/product/jw05893018003_02101_00004_nrca2_cal.fits,OUTSIDE_DETECTOR,,,,,
2919926,late,F200W,jw05893018003_02101_00006_nrca3_cal.fits,mast:JWST/product/jw05893018003_02101_00006_nrca3_cal.fits,OUTSIDE_DETECTOR,,,,,
2919926,late,F200W,jw05893018002_02101_00005_nrca1_cal.fits,mast:JWST/product/jw05893018002_02101_00005_nrca1_cal.fits,OUTSIDE_DETECTOR,,,,,
2919926,late,F200W,jw05893018002_02101_00002_nrca1_cal.fits,mast:JWST/product/jw05893018002_02101_00002_nrca1_cal.fits,OUTSIDE_DETECTOR,,,,,
2919926,late,F200W,jw05893018003_02101_00002_nrcb4_cal.fits,mast:JWST/product/jw05893018003_02101_00002_nrcb4_cal.fits,OUTSIDE_DETECTOR,,,,,
2919926,late,F200W,jw05893018003_02101_00006_nrcb4_cal.fits,mast:JWST/product/jw05893018003_02101_00006_nrcb4_cal.fits,OUTSIDE_DETECTOR,,,,,
2919926,late,F200W,jw05893018003_02101_00003_nrcb4_cal.fits,mast:JWST/product/jw05893018003_02101_00003_nrcb4_cal.fits,OUTSIDE_DETECTOR,,,,,
2919926,late,F200W,jw05893018002_02101_00003_nrca3_cal.fits,mast:JWST/product/jw05893018002_02101_00003_nrca3_cal.fits,OUTSIDE_DETECTOR,,,,,
2919926,late,F200W,jw05893018002_02101_00003_nrca1_cal.fits,mast:JWST/product/jw05893018002_02101_00003_nrca1_cal.fits,OUTSIDE_DETECTOR,,,,,
2919926,late,F200W,jw05893018002_02101_00004_nrca2_cal.fits,mast:JWST/product/jw05893018002_02101_00004_nrca2_cal.fits,OUTSIDE_DETECTOR,,,,,
2919926,late,F200W,jw05893018003_02101_00003_nrcb2_cal.fits,mast:JWST/product/jw05893018003_02101_00003_nrcb2_cal.fits,OUTSIDE_DETECTOR,,,,,
2919926,late,F200W,jw05893018002_02101_00001_nrca2_cal.fits,mast:JWST/product/jw05893018002_02101_00001_nrca2_cal.fits,OUTSIDE_DETECTOR,,,,,
2919926,late,F200W,jw05893018004_02101_00006_nrcb3_cal.fits,mast:JWST/product/jw05893018004_02101_00006_nrcb3_cal.fits,OUTSIDE_DETECTOR,,,,,
2919926,late,F200W,jw05893018002_02101_00004_nrcb3_cal.fits,mast:JWST/product/jw05893018002_02101_00004_nrcb3_cal.fits,OUTSIDE_DETECTOR,,,,,
2919926,late,F200W,jw05893018004_02101_00005_nrcb4_cal.fits,mast:JWST/product/jw05893018004_02101_00005_nrcb4_cal.fits,OUTSIDE_DETECTOR,,,,,
2919926,late,F200W,jw05893018002_02101_00004_nrca3_cal.fits,mast:JWST/product/jw05893018002_02101_00004_nrca3_cal.fits,OUTSIDE_DETECTOR,,,,,
2919926,late,F200W,jw05893018003_02101_00005_nrca4_cal.fits,mast:JWST/product/jw05893018003_02101_00005_nrca4_cal.fits,OUTSIDE_DETECTOR,,,,,
2919926,late,F200W,jw05893018003_02101_00001_nrcb4_cal.fits,mast:JWST/product/jw05893018003_02101_00001_nrcb4_cal.fits,OUTSIDE_DETECTOR,,,,,
2919926,late,F200W,jw05893018002_02101_00001_nrcb4_cal.fits,mast:JWST/product/jw05893018002_02101_00001_nrcb4_cal.fits,OUTSIDE_DETECTOR,,,,,
2919926,late,F200W,jw05893018004_02101_00005_nrca1_cal.fits,mast:JWST/product/jw05893018004_02101_00005_nrca1_cal.fits,OUTSIDE_DETECTOR,,,,,
2919926,late,F200W,jw05893018003_02101_00004_nrcb4_cal.fits,mast:JWST/product/jw05893018003_02101_00004_nrcb4_cal.fits,OUTSIDE_DETECTOR,,,,,
2919926,late,F200W,jw05893018004_02101_00006_nrcb4_cal.fits,mast:JWST/product/jw05893018004_02101_00006_nrcb4_cal.fits,OUTSIDE_DETECTOR,,,,,
2919926,late,F200W,jw05893018003_02101_00005_nrca3_cal.fits,mast:JWST/product/jw05893018003_02101_00005_nrca3_cal.fits,OUTSIDE_DETECTOR,,,,,
2919926,late,F200W,jw05893018003_02101_00006_nrca1_cal.fits,mast:JWST/product/jw05893018003_02101_00006_nrca1_cal.fits,OUTSIDE_DETECTOR,,,,,
2919926,late,F200W,jw05893018004_02101_00005_nrcb1_cal.fits,mast:JWST/product/jw05893018004_02101_00005_nrcb1_cal.fits,OUTSIDE_DETECTOR,,,,,
2919926,late,F200W,jw05893018004_02101_00005_nrcb2_cal.fits,mast:JWST/product/jw05893018004_02101_00005_nrcb2_cal.fits,OUTSIDE_DETECTOR,,,,,
2919926,late,F200W,jw05893018004_02101_00004_nrcb4_cal.fits,mast:JWST/product/jw05893018004_02101_00004_nrcb4_cal.fits,OUTSIDE_DETECTOR,,,,,
2919926,late,F200W,jw05893018002_02101_00003_nrca2_cal.fits,mast:JWST/product/jw05893018002_02101_00003_nrca2_cal.fits,OUTSIDE_DETECTOR,,,,,
2919926,late,F200W,jw05893018003_02101_00002_nrca2_cal.fits,mast:JWST/product/jw05893018003_02101_00002_nrca2_cal.fits,OUTSIDE_DETECTOR,,,,,
2919926,late,F200W,jw05893018003_02101_00001_nrcb3_cal.fits,mast:JWST/product/jw05893018003_02101_00001_nrcb3_cal.fits,OUTSIDE_DETECTOR,,,,,
2919926,late,F200W,jw05893018003_02101_00003_nrcb3_cal.fits,mast:JWST/product/jw05893018003_02101_00003_nrcb3_cal.fits,OUTSIDE_DETECTOR,,,,,
2919926,late,F200W,jw05893018003_02101_00006_nrca4_cal.fits,mast:JWST/product/jw05893018003_02101_00006_nrca4_cal.fits,OUTSIDE_DETECTOR,,,,,
2919926,late,F200W,jw05893018002_02101_00002_nrca2_cal.fits,mast:JWST/product/jw05893018002_02101_00002_nrca2_cal.fits,OUTSIDE_DETECTOR,,,,,
2919926,late,F200W,jw05893018004_02101_00006_nrca2_cal.fits,mast:JWST/product/jw05893018004_02101_00006_nrca2_cal.fits,OUTSIDE_DETECTOR,,,,,
2919926,late,F200W,jw05893018002_02101_00003_nrcb3_cal.fits,mast:JWST/product/jw05893018002_02101_00003_nrcb3_cal.fits,OUTSIDE_DETECTOR,,,,,
2919926,late,F200W,jw05893018004_02101_00005_nrca3_cal.fits,mast:JWST/product/jw05893018004_02101_00005_nrca3_cal.fits,OUTSIDE_DETECTOR,,,,,
2919926,late,F200W,jw05893018003_02101_00005_nrcb3_cal.fits,mast:JWST/product/jw05893018003_02101_00005_nrcb3_cal.fits,OUTSIDE_DETECTOR,,,,,
2919926,late,F200W,jw05893018002_02101_00006_nrcb3_cal.fits,mast:JWST/product/jw05893018002_02101_00006_nrcb3_cal.fits,OUTSIDE_DETECTOR,,,,,
2919926,late,F200W,jw05893018003_02101_00005_nrcb4_cal.fits,mast:JWST/product/jw05893018003_02101_00005_nrcb4_cal.fits,OUTSIDE_DETECTOR,,,,,
2919926,late,F200W,jw05893018003_02101_00003_nrca2_cal.fits,mast:JWST/product/jw05893018003_02101_00003_nrca2_cal.fits,OUTSIDE_DETECTOR,,,,,
2919926,late,F200W,jw05893018002_02101_00002_nrcb4_cal.fits,mast:JWST/product/jw05893018002_02101_00002_nrcb4_cal.fits,OUTSIDE_DETECTOR,,,,,
2919926,late,F200W,jw05893018003_02101_00002_nrcb3_cal.fits,mast:JWST/product/jw05893018003_02101_00002_nrcb3_cal.fits,OUTSIDE_DETECTOR,,,,,
2919926,late,F200W,jw05893018002_02101_00006_nrca1_cal.fits,mast:JWST/product/jw05893018002_02101_00006_nrca1_cal.fits,OUTSIDE_DETECTOR,,,,,
2919926,late,F200W,jw05893018003_02101_00006_nrca2_cal.fits,mast:JWST/product/jw05893018003_02101_00006_nrca2_cal.fits,OUTSIDE_DETECTOR,,,,,
2919926,late,F200W,jw05893018004_02101_00006_nrcb2_cal.fits,mast:JWST/product/jw05893018004_02101_00006_nrcb2_cal.fits,OUTSIDE_DETECTOR,,,,,
2919926,late,F200W,jw05893018003_02101_00006_nrcb2_cal.fits,mast:JWST/product/jw05893018003_02101_00006_nrcb2_cal.fits,OUTSIDE_DETECTOR,,,,,
2919926,late,F200W,jw05893018003_02101_00001_nrcb2_cal.fits,mast:JWST/product/jw05893018003_02101_00001_nrcb2_cal.fits,OUTSIDE_DETECTOR,,,,,
2919926,late,F200W,jw05893018002_02101_00005_nrcb4_cal.fits,mast:JWST/product/jw05893018002_02101_00005_nrcb4_cal.fits,OUTSIDE_DETECTOR,,,,,
2919926,late,F200W,jw05893018004_02101_00006_nrca4_cal.fits,mast:JWST/product/jw05893018004_02101_00006_nrca4_cal.fits,OUTSIDE_DETECTOR,,,,,
2919926,late,F200W,jw05893018002_02101_00001_nrcb3_cal.fits,mast:JWST/product/jw05893018002_02101_00001_nrcb3_cal.fits,OUTSIDE_DETECTOR,,,,,
2919926,late,F200W,jw05893018002_02101_00006_nrcb4_cal.fits,mast:JWST/product/jw05893018002_02101_00006_nrcb4_cal.fits,OUTSIDE_DETECTOR,,,,,
2919926,late,F200W,jw05893018003_02101_00001_nrca2_cal.fits,mast:JWST/product/jw05893018003_02101_00001_nrca2_cal.fits,OUTSIDE_DETECTOR,,,,,
2919926,late,F200W,jw05893018004_02101_00005_nrcb3_cal.fits,mast:JWST/product/jw05893018004_02101_00005_nrcb3_cal.fits,OUTSIDE_DETECTOR,,,,,
2919926,late,F200W,jw05893018003_02101_00006_nrcb3_cal.fits,mast:JWST/product/jw05893018003_02101_00006_nrcb3_cal.fits,OUTSIDE_DETECTOR,,,,,
2919926,late,F200W,jw05893018002_02101_00001_nrca1_cal.fits,mast:JWST/product/jw05893018002_02101_00001_nrca1_cal.fits,OUTSIDE_DETECTOR,,,,,
2919926,late,F200W,jw05893018004_02101_00004_nrcb1_cal.fits,mast:JWST/product/jw05893018004_02101_00004_nrcb1_cal.fits,OUTSIDE_DETECTOR,,,,,
2919926,late,F200W,jw05893018002_02101_00002_nrcb3_cal.fits,mast:JWST/product/jw05893018002_02101_00002_nrcb3_cal.fits,OUTSIDE_DETECTOR,,,,,
2919926,late,F200W,jw05893018002_02101_00003_nrcb4_cal.fits,mast:JWST/product/jw05893018002_02101_00003_nrcb4_cal.fits,OUTSIDE_DETECTOR,,,,,
2919926,late,F200W,jw05893018004_02101_00005_nrca4_cal.fits,mast:JWST/product/jw05893018004_02101_00005_nrca4_cal.fits,OUTSIDE_DETECTOR,,,,,
2919926,late,F200W,jw05893018004_02101_00006_nrca3_cal.fits,mast:JWST/product/jw05893018004_02101_00006_nrca3_cal.fits,OUTSIDE_DETECTOR,,,,,
2919926,late,F200W,jw05893018004_02101_00005_nrca2_cal.fits,mast:JWST/product/jw05893018004_02101_00005_nrca2_cal.fits,OUTSIDE_DETECTOR,,,,,
2919926,late,F200W,jw05893018004_02101_00004_nrcb2_cal.fits,mast:JWST/product/jw05893018004_02101_00004_nrcb2_cal.fits,OUTSIDE_DETECTOR,,,,,
2919926,late,F200W,jw05893018004_02101_00006_nrcb1_cal.fits,mast:JWST/product/jw05893018004_02101_00006_nrcb1_cal.fits,OUTSIDE_DETECTOR,,,,,
2919926,late,F200W,jw05893018001_02101_00003_nrca2_cal.fits,mast:JWST/product/jw05893018001_02101_00003_nrca2_cal.fits,OUTSIDE_DETECTOR,,,,,
2919926,late,F200W,jw05893018001_02101_00004_nrcb4_cal.fits,mast:JWST/product/jw05893018001_02101_00004_nrcb4_cal.fits,OUTSIDE_DETECTOR,,,,,
2919926,late,F200W,jw05893018001_02101_00005_nrcb3_cal.fits,mast:JWST/product/jw05893018001_02101_00005_nrcb3_cal.fits,OUTSIDE_DETECTOR,,,,,
2919926,late,F200W,jw05893018001_02101_00003_nrcb4_cal.fits,mast:JWST/product/jw05893018001_02101_00003_nrcb4_cal.fits,OUTSIDE_DETECTOR,,,,,
2919926,late,F200W,jw05893018001_02101_00001_nrca2_cal.fits,mast:JWST/product/jw05893018001_02101_00001_nrca2_cal.fits,OUTSIDE_DETECTOR,,,,,
2919926,late,F200W,jw05893018001_02101_00002_nrca1_cal.fits,mast:JWST/product/jw05893018001_02101_00002_nrca1_cal.fits,OUTSIDE_DETECTOR,,,,,
2919926,late,F200W,jw05893018001_02101_00005_nrcb4_cal.fits,mast:JWST/product/jw05893018001_02101_00005_nrcb4_cal.fits,OUTSIDE_DETECTOR,,,,,
2919926,late,F200W,jw05893018001_02101_00006_nrca4_cal.fits,mast:JWST/product/jw05893018001_02101_00006_nrca4_cal.fits,OUTSIDE_DETECTOR,,,,,
2919926,late,F200W,jw05893018001_02101_00002_nrcb4_cal.fits,mast:JWST/product/jw05893018001_02101_00002_nrcb4_cal.fits,OUTSIDE_DETECTOR,,,,,
2919926,late,F200W,jw05893018001_02101_00004_nrcb3_cal.fits,mast:JWST/product/jw05893018001_02101_00004_nrcb3_cal.fits,OUTSIDE_DETECTOR,,,,,
2919926,late,F200W,jw05893018001_02101_00006_nrcb2_cal.fits,mast:JWST/product/jw05893018001_02101_00006_nrcb2_cal.fits,OUTSIDE_DETECTOR,,,,,
2919926,late,F200W,jw05893018001_02101_00003_nrcb1_cal.fits,mast:JWST/product/jw05893018001_02101_00003_nrcb1_cal.fits,OUTSIDE_DETECTOR,,,,,
2919926,late,F200W,jw05893018001_02101_00005_nrca3_cal.fits,mast:JWST/product/jw05893018001_02101_00005_nrca3_cal.fits,OUTSIDE_DETECTOR,,,,,
2919926,late,F200W,jw05893018001_02101_00005_nrcb1_cal.fits,mast:JWST/product/jw05893018001_02101_00005_nrcb1_cal.fits,OUTSIDE_DETECTOR,,,,,
2919926,late,F200W,jw05893018001_02101_00002_nrca4_cal.fits,mast:JWST/product/jw05893018001_02101_00002_nrca4_cal.fits,OUTSIDE_DETECTOR,,,,,
2919926,late,F200W,jw05893018001_02101_00006_nrca3_cal.fits,mast:JWST/product/jw05893018001_02101_00006_nrca3_cal.fits,OUTSIDE_DETECTOR,,,,,
2919926,late,F200W,jw05893018001_02101_00006_nrca1_cal.fits,mast:JWST/product/jw05893018001_02101_00006_nrca1_cal.fits,COVERED,1391.5545499061889,1856.992981296753,60665.41015549769,NRCA1,F200W
2919926,late,F200W,jw05893018001_02101_00006_nrcb1_cal.fits,mast:JWST/product/jw05893018001_02101_00006_nrcb1_cal.fits,OUTSIDE_DETECTOR,,,,,
2919926,late,F200W,jw05893018001_02101_00003_nrca1_cal.fits,mast:JWST/product/jw05893018001_02101_00003_nrca1_cal.fits,COVERED,1164.462471088854,1990.0900525481068,60665.396237002315,NRCA1,F200W
2919926,late,F200W,jw05893018001_02101_00002_nrca3_cal.fits,mast:JWST/product/jw05893018001_02101_00002_nrca3_cal.fits,OUTSIDE_DETECTOR,,,,,
2919926,late,F200W,jw05893018001_02101_00003_nrca4_cal.fits,mast:JWST/product/jw05893018001_02101_00003_nrca4_cal.fits,OUTSIDE_DETECTOR,,,,,
2919926,late,F200W,jw05893018001_02101_00004_nrca3_cal.fits,mast:JWST/product/jw05893018001_02101_00004_nrca3_cal.fits,OUTSIDE_DETECTOR,,,,,
2919926,late,F200W,jw05893018001_02101_00001_nrcb1_cal.fits,mast:JWST/product/jw05893018001_02101_00001_nrcb1_cal.fits,OUTSIDE_DETECTOR,,,,,
2919926,late,F200W,jw05893018001_02101_00001_nrcb3_cal.fits,mast:JWST/product/jw05893018001_02101_00001_nrcb3_cal.fits,OUTSIDE_DETECTOR,,,,,
2919926,late,F200W,jw05893018001_02101_00004_nrca2_cal.fits,mast:JWST/product/jw05893018001_02101_00004_nrca2_cal.fits,OUTSIDE_DETECTOR,,,,,
2919926,late,F200W,jw05893018001_02101_00001_nrca1_cal.fits,mast:JWST/product/jw05893018001_02101_00001_nrca1_cal.fits,OUTSIDE_DETECTOR,,,,,
2919926,late,F200W,jw05893018001_02101_00002_nrca2_cal.fits,mast:JWST/product/jw05893018001_02101_00002_nrca2_cal.fits,COVERED,996.6317370880415,52.24752074956957,60665.391514780094,NRCA2,F200W
2919926,late,F200W,jw05893018001_02101_00006_nrca2_cal.fits,mast:JWST/product/jw05893018001_02101_00006_nrca2_cal.fits,OUTSIDE_DETECTOR,,,,,
2919926,late,F200W,jw05893018001_02101_00005_nrcb2_cal.fits,mast:JWST/product/jw05893018001_02101_00005_nrcb2_cal.fits,OUTSIDE_DETECTOR,,,,,
2919926,late,F200W,jw05893018001_02101_00003_nrcb3_cal.fits,mast:JWST/product/jw05893018001_02101_00003_nrcb3_cal.fits,OUTSIDE_DETECTOR,,,,,
2919926,late,F200W,jw05893018001_02101_00001_nrcb4_cal.fits,mast:JWST/product/jw05893018001_02101_00001_nrcb4_cal.fits,OUTSIDE_DETECTOR,,,,,
2919926,late,F200W,jw05893018001_02101_00006_nrcb4_cal.fits,mast:JWST/product/jw05893018001_02101_00006_nrcb4_cal.fits,OUTSIDE_DETECTOR,,,,,
2919926,late,F200W,jw05893018001_02101_00002_nrcb2_cal.fits,mast:JWST/product/jw05893018001_02101_00002_nrcb2_cal.fits,OUTSIDE_DETECTOR,,,,,
2919926,late,F200W,jw05893018001_02101_00002_nrcb3_cal.fits,mast:JWST/product/jw05893018001_02101_00002_nrcb3_cal.fits,OUTSIDE_DETECTOR,,,,,
2919926,late,F200W,jw05893018001_02101_00001_nrca4_cal.fits,mast:JWST/product/jw05893018001_02101_00001_nrca4_cal.fits,OUTSIDE_DETECTOR,,,,,
2919926,late,F200W,jw05893018001_02101_00004_nrca4_cal.fits,mast:JWST/product/jw05893018001_02101_00004_nrca4_cal.fits,OUTSIDE_DETECTOR,,,,,
2919926,late,F200W,jw05893018001_02101_00005_nrca2_cal.fits,mast:JWST/product/jw05893018001_02101_00005_nrca2_cal.fits,OUTSIDE_DETECTOR,,,,,
2919926,late,F200W,jw05893018001_02101_00004_nrca1_cal.fits,mast:JWST/product/jw05893018001_02101_00004_nrca1_cal.fits,COVERED,1200.4744429316213,2044.9257365261888,60665.400834768516,NRCA1,F200W
2919926,late,F200W,jw05893018001_02101_00004_nrcb2_cal.fits,mast:JWST/product/jw05893018001_02101_00004_nrcb2_cal.fits,OUTSIDE_DETECTOR,,,,,
2919926,late,F200W,jw05893018001_02101_00004_nrcb1_cal.fits,mast:JWST/product/jw05893018001_02101_00004_nrcb1_cal.fits,OUTSIDE_DETECTOR,,,,,
2919926,late,F200W,jw05893018001_02101_00005_nrca4_cal.fits,mast:JWST/product/jw05893018001_02101_00005_nrca4_cal.fits,OUTSIDE_DETECTOR,,,,,
2919926,late,F200W,jw05893018001_02101_00003_nrcb2_cal.fits,mast:JWST/product/jw05893018001_02101_00003_nrcb2_cal.fits,OUTSIDE_DETECTOR,,,,,
2919926,late,F200W,jw05893018001_02101_00003_nrca3_cal.fits,mast:JWST/product/jw05893018001_02101_00003_nrca3_cal.fits,OUTSIDE_DETECTOR,,,,,
2919926,late,F200W,jw05893018001_02101_00006_nrcb3_cal.fits,mast:JWST/product/jw05893018001_02101_00006_nrcb3_cal.fits,OUTSIDE_DETECTOR,,,,,
2919926,late,F200W,jw05893018001_02101_00001_nrcb2_cal.fits,mast:JWST/product/jw05893018001_02101_00001_nrcb2_cal.fits,OUTSIDE_DETECTOR,,,,,
2919926,late,F200W,jw05893018001_02101_00002_nrcb1_cal.fits,mast:JWST/product/jw05893018001_02101_00002_nrcb1_cal.fits,OUTSIDE_DETECTOR,,,,,
2919926,late,F200W,jw05893018001_02101_00001_nrca3_cal.fits,mast:JWST/product/jw05893018001_02101_00001_nrca3_cal.fits,OUTSIDE_DETECTOR,,,,,
2919926,late,F200W,jw05893018001_02101_00005_nrca1_cal.fits,mast:JWST/product/jw05893018001_02101_00005_nrca1_cal.fits,COVERED,1355.5445462425841,1802.279789008935,60665.40555773148,NRCA1,F200W
2919926,late,F200W,jw05893018007_02101_00005_nrcb3_cal.fits,mast:JWST/product/jw05893018007_02101_00005_nrcb3_cal.fits,OUTSIDE_DETECTOR,,,,,
2919926,late,F200W,jw05893018007_02101_00005_nrca1_cal.fits,mast:JWST/product/jw05893018007_02101_00005_nrca1_cal.fits,OUTSIDE_DETECTOR,,,,,
2919926,late,F200W,jw05893018008_02101_00005_nrcb2_cal.fits,mast:JWST/product/jw05893018008_02101_00005_nrcb2_cal.fits,OUTSIDE_DETECTOR,,,,,
2919926,late,F200W,jw05893018007_02101_00006_nrca3_cal.fits,mast:JWST/product/jw05893018007_02101_00006_nrca3_cal.fits,OUTSIDE_DETECTOR,,,,,
2919926,late,F200W,jw05893018008_02101_00001_nrca1_cal.fits,mast:JWST/product/jw05893018008_02101_00001_nrca1_cal.fits,OUTSIDE_DETECTOR,,,,,
2919926,late,F200W,jw05893018007_02101_00006_nrcb4_cal.fits,mast:JWST/product/jw05893018007_02101_00006_nrcb4_cal.fits,OUTSIDE_DETECTOR,,,,,
2919926,late,F200W,jw05893018008_02101_00002_nrca3_cal.fits,mast:JWST/product/jw05893018008_02101_00002_nrca3_cal.fits,OUTSIDE_DETECTOR,,,,,
2919926,late,F200W,jw05893018007_02101_00005_nrcb2_cal.fits,mast:JWST/product/jw05893018007_02101_00005_nrcb2_cal.fits,OUTSIDE_DETECTOR,,,,,
2919926,late,F200W,jw05893018008_02101_00005_nrcb4_cal.fits,mast:JWST/product/jw05893018008_02101_00005_nrcb4_cal.fits,OUTSIDE_DETECTOR,,,,,
2919926,late,F200W,jw05893018007_02101_00005_nrca4_cal.fits,mast:JWST/product/jw05893018007_02101_00005_nrca4_cal.fits,OUTSIDE_DETECTOR,,,,,
2919926,late,F200W,jw05893018008_02101_00006_nrca4_cal.fits,mast:JWST/product/jw05893018008_02101_00006_nrca4_cal.fits,OUTSIDE_DETECTOR,,,,,
2919926,late,F200W,jw05893018008_02101_00002_nrca4_cal.fits,mast:JWST/product/jw05893018008_02101_00002_nrca4_cal.fits,OUTSIDE_DETECTOR,,,,,
2919926,late,F200W,jw05893018008_02101_00003_nrcb4_cal.fits,mast:JWST/product/jw05893018008_02101_00003_nrcb4_cal.fits,OUTSIDE_DETECTOR,,,,,
2919926,late,F200W,jw05893018008_02101_00001_nrcb4_cal.fits,mast:JWST/product/jw05893018008_02101_00001_nrcb4_cal.fits,OUTSIDE_DETECTOR,,,,,
2919926,late,F200W,jw05893018008_02101_00005_nrcb1_cal.fits,mast:JWST/product/jw05893018008_02101_00005_nrcb1_cal.fits,OUTSIDE_DETECTOR,,,,,
2919926,late,F200W,jw05893018007_02101_00005_nrca2_cal.fits,mast:JWST/product/jw05893018007_02101_00005_nrca2_cal.fits,OUTSIDE_DETECTOR,,,,,
2919926,late,F200W,jw05893018007_02101_00006_nrcb3_cal.fits,mast:JWST/product/jw05893018007_02101_00006_nrcb3_cal.fits,OUTSIDE_DETECTOR,,,,,
2919926,late,F200W,jw05893018008_02101_00003_nrcb3_cal.fits,mast:JWST/product/jw05893018008_02101_00003_nrcb3_cal.fits,OUTSIDE_DETECTOR,,,,,
2919926,late,F200W,jw05893018007_02101_00005_nrcb1_cal.fits,mast:JWST/product/jw05893018007_02101_00005_nrcb1_cal.fits,OUTSIDE_DETECTOR,,,,,
2919926,late,F200W,jw05893018008_02101_00001_nrca4_cal.fits,mast:JWST/product/jw05893018008_02101_00001_nrca4_cal.fits,OUTSIDE_DETECTOR,,,,,
2919926,late,F200W,jw05893018007_02101_00005_nrcb4_cal.fits,mast:JWST/product/jw05893018007_02101_00005_nrcb4_cal.fits,OUTSIDE_DETECTOR,,,,,
2919926,late,F200W,jw05893018007_02101_00005_nrca3_cal.fits,mast:JWST/product/jw05893018007_02101_00005_nrca3_cal.fits,OUTSIDE_DETECTOR,,,,,
2919926,late,F200W,jw05893018008_02101_00004_nrcb4_cal.fits,mast:JWST/product/jw05893018008_02101_00004_nrcb4_cal.fits,OUTSIDE_DETECTOR,,,,,
2919926,late,F200W,jw05893018008_02101_00001_nrcb2_cal.fits,mast:JWST/product/jw05893018008_02101_00001_nrcb2_cal.fits,OUTSIDE_DETECTOR,,,,,
2919926,late,F200W,jw05893018008_02101_00004_nrcb1_cal.fits,mast:JWST/product/jw05893018008_02101_00004_nrcb1_cal.fits,OUTSIDE_DETECTOR,,,,,
2919926,late,F200W,jw05893018008_02101_00006_nrca3_cal.fits,mast:JWST/product/jw05893018008_02101_00006_nrca3_cal.fits,OUTSIDE_DETECTOR,,,,,
2919926,late,F200W,jw05893018007_02101_00006_nrca4_cal.fits,mast:JWST/product/jw05893018007_02101_00006_nrca4_cal.fits,OUTSIDE_DETECTOR,,,,,
2919926,late,F200W,jw05893018008_02101_00001_nrcb1_cal.fits,mast:JWST/product/jw05893018008_02101_00001_nrcb1_cal.fits,OUTSIDE_DETECTOR,,,,,
2919926,late,F200W,jw05893018008_02101_00002_nrca1_cal.fits,mast:JWST/product/jw05893018008_02101_00002_nrca1_cal.fits,OUTSIDE_DETECTOR,,,,,
2919926,late,F200W,jw05893018008_02101_00001_nrcb3_cal.fits,mast:JWST/product/jw05893018008_02101_00001_nrcb3_cal.fits,OUTSIDE_DETECTOR,,,,,
2919926,late,F200W,jw05893018008_02101_00003_nrca1_cal.fits,mast:JWST/product/jw05893018008_02101_00003_nrca1_cal.fits,OUTSIDE_DETECTOR,,,,,
2919926,late,F200W,jw05893018008_02101_00005_nrcb3_cal.fits,mast:JWST/product/jw05893018008_02101_00005_nrcb3_cal.fits,OUTSIDE_DETECTOR,,,,,
2919926,late,F200W,jw05893018008_02101_00002_nrcb4_cal.fits,mast:JWST/product/jw05893018008_02101_00002_nrcb4_cal.fits,OUTSIDE_DETECTOR,,,,,
2919926,late,F200W,jw05893018008_02101_00002_nrca2_cal.fits,mast:JWST/product/jw05893018008_02101_00002_nrca2_cal.fits,OUTSIDE_DETECTOR,,,,,
2919926,late,F200W,jw05893018008_02101_00003_nrca3_cal.fits,mast:JWST/product/jw05893018008_02101_00003_nrca3_cal.fits,OUTSIDE_DETECTOR,,,,,
2919926,late,F200W,jw05893018008_02101_00001_nrca2_cal.fits,mast:JWST/product/jw05893018008_02101_00001_nrca2_cal.fits,OUTSIDE_DETECTOR,,,,,
2919926,late,F200W,jw05893018008_02101_00003_nrca2_cal.fits,mast:JWST/product/jw05893018008_02101_00003_nrca2_cal.fits,OUTSIDE_DETECTOR,,,,,
2919926,late,F200W,jw05893018008_02101_00006_nrcb2_cal.fits,mast:JWST/product/jw05893018008_02101_00006_nrcb2_cal.fits,OUTSIDE_DETECTOR,,,,,
2919926,late,F200W,jw05893018008_02101_00003_nrcb2_cal.fits,mast:JWST/product/jw05893018008_02101_00003_nrcb2_cal.fits,OUTSIDE_DETECTOR,,,,,
2919926,late,F200W,jw05893018008_02101_00001_nrca3_cal.fits,mast:JWST/product/jw05893018008_02101_00001_nrca3_cal.fits,OUTSIDE_DETECTOR,,,,,
2919926,late,F200W,jw05893018008_02101_00002_nrcb1_cal.fits,mast:JWST/product/jw05893018008_02101_00002_nrcb1_cal.fits,OUTSIDE_DETECTOR,,,,,
2919926,late,F200W,jw05893018008_02101_00002_nrcb2_cal.fits,mast:JWST/product/jw05893018008_02101_00002_nrcb2_cal.fits,OUTSIDE_DETECTOR,,,,,
2919926,late,F200W,jw05893018008_02101_00005_nrca1_cal.fits,mast:JWST/product/jw05893018008_02101_00005_nrca1_cal.fits,OUTSIDE_DETECTOR,,,,,
2919926,late,F200W,jw05893018008_02101_00005_nrca2_cal.fits,mast:JWST/product/jw05893018008_02101_00005_nrca2_cal.fits,OUTSIDE_DETECTOR,,,,,
2919926,late,F200W,jw05893018008_02101_00004_nrca2_cal.fits,mast:JWST/product/jw05893018008_02101_00004_nrca2_cal.fits,OUTSIDE_DETECTOR,,,,,
2919926,late,F200W,jw05893018008_02101_00004_nrcb3_cal.fits,mast:JWST/product/jw05893018008_02101_00004_nrcb3_cal.fits,OUTSIDE_DETECTOR,,,,,
2919926,late,F200W,jw05893018008_02101_00004_nrca4_cal.fits,mast:JWST/product/jw05893018008_02101_00004_nrca4_cal.fits,OUTSIDE_DETECTOR,,,,,
2919926,late,F200W,jw05893018008_02101_00004_nrcb2_cal.fits,mast:JWST/product/jw05893018008_02101_00004_nrcb2_cal.fits,OUTSIDE_DETECTOR,,,,,
2919926,late,F200W,jw05893018008_02101_00002_nrcb3_cal.fits,mast:JWST/product/jw05893018008_02101_00002_nrcb3_cal.fits,OUTSIDE_DETECTOR,,,,,
2919926,late,F200W,jw05893018008_02101_00004_nrca1_cal.fits,mast:JWST/product/jw05893018008_02101_00004_nrca1_cal.fits,OUTSIDE_DETECTOR,,,,,
2919926,late,F200W,jw05893018008_02101_00005_nrca3_cal.fits,mast:JWST/product/jw05893018008_02101_00005_nrca3_cal.fits,OUTSIDE_DETECTOR,,,,,
2919926,late,F200W,jw05893018008_02101_00005_nrca4_cal.fits,mast:JWST/product/jw05893018008_02101_00005_nrca4_cal.fits,OUTSIDE_DETECTOR,,,,,
2919926,late,F200W,jw05893018008_02101_00003_nrca4_cal.fits,mast:JWST/product/jw05893018008_02101_00003_nrca4_cal.fits,OUTSIDE_DETECTOR,,,,,
2919926,late,F200W,jw05893018008_02101_00004_nrca3_cal.fits,mast:JWST/product/jw05893018008_02101_00004_nrca3_cal.fits,OUTSIDE_DETECTOR,,,,,
2919926,late,F200W,jw05893018008_02101_00003_nrcb1_cal.fits,mast:JWST/product/jw05893018008_02101_00003_nrcb1_cal.fits,OUTSIDE_DETECTOR,,,,,
2919926,late,F200W,jw05893018006_02101_00006_nrcb1_cal.fits,mast:JWST/product/jw05893018006_02101_00006_nrcb1_cal.fits,OUTSIDE_DETECTOR,,,,,
2919926,late,F200W,jw05893018006_02101_00005_nrca1_cal.fits,mast:JWST/product/jw05893018006_02101_00005_nrca1_cal.fits,OUTSIDE_DETECTOR,,,,,
2919926,late,F200W,jw05893018006_02101_00001_nrca4_cal.fits,mast:JWST/product/jw05893018006_02101_00001_nrca4_cal.fits,OUTSIDE_DETECTOR,,,,,
2919926,late,F200W,jw05893018006_02101_00005_nrcb4_cal.fits,mast:JWST/product/jw05893018006_02101_00005_nrcb4_cal.fits,OUTSIDE_DETECTOR,,,,,
2919926,late,F200W,jw05893018006_02101_00005_nrca2_cal.fits,mast:JWST/product/jw05893018006_02101_00005_nrca2_cal.fits,OUTSIDE_DETECTOR,,,,,
2919926,late,F200W,jw05893018006_02101_00002_nrcb1_cal.fits,mast:JWST/product/jw05893018006_02101_00002_nrcb1_cal.fits,OUTSIDE_DETECTOR,,,,,
2919926,late,F200W,jw05893018006_02101_00001_nrca3_cal.fits,mast:JWST/product/jw05893018006_02101_00001_nrca3_cal.fits,OUTSIDE_DETECTOR,,,,,
2919926,late,F200W,jw05893018006_02101_00001_nrcb4_cal.fits,mast:JWST/product/jw05893018006_02101_00001_nrcb4_cal.fits,OUTSIDE_DETECTOR,,,,,
2919926,late,F200W,jw05893018006_02101_00006_nrcb3_cal.fits,mast:JWST/product/jw05893018006_02101_00006_nrcb3_cal.fits,OUTSIDE_DETECTOR,,,,,
2919926,late,F200W,jw05893018006_02101_00002_nrca3_cal.fits,mast:JWST/product/jw05893018006_02101_00002_nrca3_cal.fits,OUTSIDE_DETECTOR,,,,,
2919926,late,F200W,jw05893018006_02101_00003_nrcb3_cal.fits,mast:JWST/product/jw05893018006_02101_00003_nrcb3_cal.fits,OUTSIDE_DETECTOR,,,,,
2919926,late,F200W,jw05893018006_02101_00003_nrca1_cal.fits,mast:JWST/product/jw05893018006_02101_00003_nrca1_cal.fits,OUTSIDE_DETECTOR,,,,,
2919926,late,F200W,jw05893018006_02101_00003_nrcb1_cal.fits,mast:JWST/product/jw05893018006_02101_00003_nrcb1_cal.fits,OUTSIDE_DETECTOR,,,,,
2919926,late,F200W,jw05893018006_02101_00004_nrcb4_cal.fits,mast:JWST/product/jw05893018006_02101_00004_nrcb4_cal.fits,OUTSIDE_DETECTOR,,,,,
2919926,late,F200W,jw05893018006_02101_00002_nrcb3_cal.fits,mast:JWST/product/jw05893018006_02101_00002_nrcb3_cal.fits,OUTSIDE_DETECTOR,,,,,
2919926,late,F200W,jw05893018006_02101_00002_nrca1_cal.fits,mast:JWST/product/jw05893018006_02101_00002_nrca1_cal.fits,OUTSIDE_DETECTOR,,,,,
2919926,late,F200W,jw05893018006_02101_00005_nrcb2_cal.fits,mast:JWST/product/jw05893018006_02101_00005_nrcb2_cal.fits,OUTSIDE_DETECTOR,,,,,
2919926,late,F200W,jw05893018006_02101_00003_nrcb4_cal.fits,mast:JWST/product/jw05893018006_02101_00003_nrcb4_cal.fits,OUTSIDE_DETECTOR,,,,,
2919926,late,F200W,jw05893018006_02101_00005_nrca3_cal.fits,mast:JWST/product/jw05893018006_02101_00005_nrca3_cal.fits,OUTSIDE_DETECTOR,,,,,
2919926,late,F200W,jw05893018006_02101_00005_nrca4_cal.fits,mast:JWST/product/jw05893018006_02101_00005_nrca4_cal.fits,OUTSIDE_DETECTOR,,,,,
2919926,late,F200W,jw05893018006_02101_00002_nrca4_cal.fits,mast:JWST/product/jw05893018006_02101_00002_nrca4_cal.fits,OUTSIDE_DETECTOR,,,,,
2919926,late,F200W,jw05893018006_02101_00004_nrcb2_cal.fits,mast:JWST/product/jw05893018006_02101_00004_nrcb2_cal.fits,OUTSIDE_DETECTOR,,,,,
2919926,late,F200W,jw05893018006_02101_00006_nrcb4_cal.fits,mast:JWST/product/jw05893018006_02101_00006_nrcb4_cal.fits,OUTSIDE_DETECTOR,,,,,
2919926,late,F200W,jw05893018006_02101_00003_nrcb2_cal.fits,mast:JWST/product/jw05893018006_02101_00003_nrcb2_cal.fits,OUTSIDE_DETECTOR,,,,,
2919926,late,F200W,jw05893018006_02101_00004_nrcb3_cal.fits,mast:JWST/product/jw05893018006_02101_00004_nrcb3_cal.fits,OUTSIDE_DETECTOR,,,,,
2919926,late,F200W,jw05893018006_02101_00001_nrca1_cal.fits,mast:JWST/product/jw05893018006_02101_00001_nrca1_cal.fits,OUTSIDE_DETECTOR,,,,,
2919926,late,F200W,jw05893018006_02101_00006_nrca3_cal.fits,mast:JWST/product/jw05893018006_02101_00006_nrca3_cal.fits,OUTSIDE_DETECTOR,,,,,
2919926,late,F200W,jw05893018006_02101_00004_nrcb1_cal.fits,mast:JWST/product/jw05893018006_02101_00004_nrcb1_cal.fits,OUTSIDE_DETECTOR,,,,,
2919926,late,F200W,jw05893018006_02101_00006_nrca1_cal.fits,mast:JWST/product/jw05893018006_02101_00006_nrca1_cal.fits,OUTSIDE_DETECTOR,,,,,
2919926,late,F200W,jw05893018006_02101_00006_nrca4_cal.fits,mast:JWST/product/jw05893018006_02101_00006_nrca4_cal.fits,OUTSIDE_DETECTOR,,,,,
2919926,late,F200W,jw05893018006_02101_00001_nrca2_cal.fits,mast:JWST/product/jw05893018006_02101_00001_nrca2_cal.fits,OUTSIDE_DETECTOR,,,,,
2919926,late,F200W,jw05893018006_02101_00002_nrcb2_cal.fits,mast:JWST/product/jw05893018006_02101_00002_nrcb2_cal.fits,OUTSIDE_DETECTOR,,,,,
2919926,late,F200W,jw05893018006_02101_00006_nrcb2_cal.fits,mast:JWST/product/jw05893018006_02101_00006_nrcb2_cal.fits,OUTSIDE_DETECTOR,,,,,
2919926,late,F200W,jw05893018006_02101_00003_nrca3_cal.fits,mast:JWST/product/jw05893018006_02101_00003_nrca3_cal.fits,OUTSIDE_DETECTOR,,,,,
2919926,late,F200W,jw05893018006_02101_00001_nrcb1_cal.fits,mast:JWST/product/jw05893018006_02101_00001_nrcb1_cal.fits,OUTSIDE_DETECTOR,,,,,
2919926,late,F200W,jw05893018006_02101_00004_nrca1_cal.fits,mast:JWST/product/jw05893018006_02101_00004_nrca1_cal.fits,OUTSIDE_DETECTOR,,,,,
2919926,late,F200W,jw05893018006_02101_00003_nrca4_cal.fits,mast:JWST/product/jw05893018006_02101_00003_nrca4_cal.fits,OUTSIDE_DETECTOR,,,,,
2919926,late,F200W,jw05893018006_02101_00001_nrcb2_cal.fits,mast:JWST/product/jw05893018006_02101_00001_nrcb2_cal.fits,OUTSIDE_DETECTOR,,,,,
2919926,late,F200W,jw05893018006_02101_00004_nrca3_cal.fits,mast:JWST/product/jw05893018006_02101_00004_nrca3_cal.fits,OUTSIDE_DETECTOR,,,,,
2919926,late,F200W,jw05893018006_02101_00006_nrca2_cal.fits,mast:JWST/product/jw05893018006_02101_00006_nrca2_cal.fits,OUTSIDE_DETECTOR,,,,,
2919926,late,F200W,jw05893018006_02101_00005_nrcb3_cal.fits,mast:JWST/product/jw05893018006_02101_00005_nrcb3_cal.fits,OUTSIDE_DETECTOR,,,,,
2919926,late,F200W,jw05893018006_02101_00004_nrca4_cal.fits,mast:JWST/product/jw05893018006_02101_00004_nrca4_cal.fits,OUTSIDE_DETECTOR,,,,,
2919926,late,F200W,jw05893018006_02101_00002_nrcb4_cal.fits,mast:JWST/product/jw05893018006_02101_00002_nrcb4_cal.fits,OUTSIDE_DETECTOR,,,,,
2919926,late,F200W,jw05893018006_02101_00002_nrca2_cal.fits,mast:JWST/product/jw05893018006_02101_00002_nrca2_cal.fits,OUTSIDE_DETECTOR,,,,,
2919926,late,F200W,jw05893018006_02101_00003_nrca2_cal.fits,mast:JWST/product/jw05893018006_02101_00003_nrca2_cal.fits,OUTSIDE_DETECTOR,,,,,
2919926,late,F200W,jw05893018006_02101_00004_nrca2_cal.fits,mast:JWST/product/jw05893018006_02101_00004_nrca2_cal.fits,OUTSIDE_DETECTOR,,,,,
2919926,late,F200W,jw05893018006_02101_00001_nrcb3_cal.fits,mast:JWST/product/jw05893018006_02101_00001_nrcb3_cal.fits,OUTSIDE_DETECTOR,,,,,
2919926,late,F200W,jw05893018006_02101_00005_nrcb1_cal.fits,mast:JWST/product/jw05893018006_02101_00005_nrcb1_cal.fits,OUTSIDE_DETECTOR,,,,,
2919926,late,F200W,jw05893018005_02101_00003_nrca2_cal.fits,mast:JWST/product/jw05893018005_02101_00003_nrca2_cal.fits,OUTSIDE_DETECTOR,,,,,
2919926,late,F200W,jw05893018007_02101_00001_nrca2_cal.fits,mast:JWST/product/jw05893018007_02101_00001_nrca2_cal.fits,OUTSIDE_DETECTOR,,,,,
2919926,late,F200W,jw05893018007_02101_00003_nrca1_cal.fits,mast:JWST/product/jw05893018007_02101_00003_nrca1_cal.fits,OUTSIDE_DETECTOR,,,,,
2919926,late,F200W,jw05893018007_02101_00002_nrcb2_cal.fits,mast:JWST/product/jw05893018007_02101_00002_nrcb2_cal.fits,OUTSIDE_DETECTOR,,,,,
2919926,late,F200W,jw05893018007_02101_00002_nrca1_cal.fits,mast:JWST/product/jw05893018007_02101_00002_nrca1_cal.fits,OUTSIDE_DETECTOR,,,,,
2919926,late,F200W,jw05893018007_02101_00002_nrca3_cal.fits,mast:JWST/product/jw05893018007_02101_00002_nrca3_cal.fits,OUTSIDE_DETECTOR,,,,,
2919926,late,F200W,jw05893018007_02101_00004_nrca2_cal.fits,mast:JWST/product/jw05893018007_02101_00004_nrca2_cal.fits,OUTSIDE_DETECTOR,,,,,
2919926,late,F200W,jw05893018007_02101_00003_nrcb2_cal.fits,mast:JWST/product/jw05893018007_02101_00003_nrcb2_cal.fits,OUTSIDE_DETECTOR,,,,,
2919926,late,F200W,jw05893018007_02101_00004_nrcb4_cal.fits,mast:JWST/product/jw05893018007_02101_00004_nrcb4_cal.fits,OUTSIDE_DETECTOR,,,,,
2919926,late,F200W,jw05893018007_02101_00004_nrcb1_cal.fits,mast:JWST/product/jw05893018007_02101_00004_nrcb1_cal.fits,OUTSIDE_DETECTOR,,,,,
2919926,late,F200W,jw05893018007_02101_00002_nrca4_cal.fits,mast:JWST/product/jw05893018007_02101_00002_nrca4_cal.fits,OUTSIDE_DETECTOR,,,,,
2919926,late,F200W,jw05893018007_02101_00002_nrcb4_cal.fits,mast:JWST/product/jw05893018007_02101_00002_nrcb4_cal.fits,OUTSIDE_DETECTOR,,,,,
2919926,late,F200W,jw05893018007_02101_00001_nrcb4_cal.fits,mast:JWST/product/jw05893018007_02101_00001_nrcb4_cal.fits,OUTSIDE_DETECTOR,,,,,
2919926,late,F200W,jw05893018007_02101_00003_nrca4_cal.fits,mast:JWST/product/jw05893018007_02101_00003_nrca4_cal.fits,OUTSIDE_DETECTOR,,,,,
2919926,late,F200W,jw05893018007_02101_00006_nrca1_cal.fits,mast:JWST/product/jw05893018007_02101_00006_nrca1_cal.fits,OUTSIDE_DETECTOR,,,,,
2919926,late,F200W,jw05893018007_02101_00003_nrcb4_cal.fits,mast:JWST/product/jw05893018007_02101_00003_nrcb4_cal.fits,OUTSIDE_DETECTOR,,,,,
2919926,late,F200W,jw05893018007_02101_00001_nrca1_cal.fits,mast:JWST/product/jw05893018007_02101_00001_nrca1_cal.fits,OUTSIDE_DETECTOR,,,,,
2919926,late,F200W,jw05893018008_02101_00006_nrcb1_cal.fits,mast:JWST/product/jw05893018008_02101_00006_nrcb1_cal.fits,OUTSIDE_DETECTOR,,,,,
2919926,late,F200W,jw05893018007_02101_00006_nrcb2_cal.fits,mast:JWST/product/jw05893018007_02101_00006_nrcb2_cal.fits,OUTSIDE_DETECTOR,,,,,
2919926,late,F200W,jw05893018007_02101_00006_nrcb1_cal.fits,mast:JWST/product/jw05893018007_02101_00006_nrcb1_cal.fits,OUTSIDE_DETECTOR,,,,,
2919926,late,F200W,jw05893018007_02101_00003_nrcb1_cal.fits,mast:JWST/product/jw05893018007_02101_00003_nrcb1_cal.fits,OUTSIDE_DETECTOR,,,,,
2919926,late,F200W,jw05893018007_02101_00001_nrca3_cal.fits,mast:JWST/product/jw05893018007_02101_00001_nrca3_cal.fits,OUTSIDE_DETECTOR,,,,,
2919926,late,F200W,jw05893018007_02101_00002_nrca2_cal.fits,mast:JWST/product/jw05893018007_02101_00002_nrca2_cal.fits,OUTSIDE_DETECTOR,,,,,
2919926,late,F200W,jw05893018008_02101_00006_nrca2_cal.fits,mast:JWST/product/jw05893018008_02101_00006_nrca2_cal.fits,OUTSIDE_DETECTOR,,,,,
2919926,late,F200W,jw05893018007_02101_00003_nrca3_cal.fits,mast:JWST/product/jw05893018007_02101_00003_nrca3_cal.fits,OUTSIDE_DETECTOR,,,,,
2919926,late,F200W,jw05893018007_02101_00001_nrcb3_cal.fits,mast:JWST/product/jw05893018007_02101_00001_nrcb3_cal.fits,OUTSIDE_DETECTOR,,,,,
2919926,late,F200W,jw05893018008_02101_00006_nrcb3_cal.fits,mast:JWST/product/jw05893018008_02101_00006_nrcb3_cal.fits,OUTSIDE_DETECTOR,,,,,
2919926,late,F200W,jw05893018007_02101_00004_nrca3_cal.fits,mast:JWST/product/jw05893018007_02101_00004_nrca3_cal.fits,OUTSIDE_DETECTOR,,,,,
2919926,late,F200W,jw05893018008_02101_00006_nrca1_cal.fits,mast:JWST/product/jw05893018008_02101_00006_nrca1_cal.fits,OUTSIDE_DETECTOR,,,,,
2919926,late,F200W,jw05893018007_02101_00004_nrca1_cal.fits,mast:JWST/product/jw05893018007_02101_00004_nrca1_cal.fits,OUTSIDE_DETECTOR,,,,,
2919926,late,F200W,jw05893018007_02101_00002_nrcb3_cal.fits,mast:JWST/product/jw05893018007_02101_00002_nrcb3_cal.fits,OUTSIDE_DETECTOR,,,,,
2919926,late,F200W,jw05893018007_02101_00004_nrcb2_cal.fits,mast:JWST/product/jw05893018007_02101_00004_nrcb2_cal.fits,OUTSIDE_DETECTOR,,,,,
2919926,late,F200W,jw05893018007_02101_00003_nrca2_cal.fits,mast:JWST/product/jw05893018007_02101_00003_nrca2_cal.fits,OUTSIDE_DETECTOR,,,,,
2919926,late,F200W,jw05893018007_02101_00001_nrcb1_cal.fits,mast:JWST/product/jw05893018007_02101_00001_nrcb1_cal.fits,OUTSIDE_DETECTOR,,,,,
2919926,late,F200W,jw05893018007_02101_00003_nrcb3_cal.fits,mast:JWST/product/jw05893018007_02101_00003_nrcb3_cal.fits,OUTSIDE_DETECTOR,,,,,
2919926,late,F200W,jw05893018007_02101_00004_nrca4_cal.fits,mast:JWST/product/jw05893018007_02101_00004_nrca4_cal.fits,OUTSIDE_DETECTOR,,,,,
2919926,late,F200W,jw05893018008_02101_00006_nrcb4_cal.fits,mast:JWST/product/jw05893018008_02101_00006_nrcb4_cal.fits,OUTSIDE_DETECTOR,,,,,
2919926,late,F200W,jw05893018007_02101_00004_nrcb3_cal.fits,mast:JWST/product/jw05893018007_02101_00004_nrcb3_cal.fits,OUTSIDE_DETECTOR,,,,,
2919926,late,F200W,jw05893018007_02101_00001_nrca4_cal.fits,mast:JWST/product/jw05893018007_02101_00001_nrca4_cal.fits,OUTSIDE_DETECTOR,,,,,
2919926,late,F200W,jw05893018007_02101_00001_nrcb2_cal.fits,mast:JWST/product/jw05893018007_02101_00001_nrcb2_cal.fits,OUTSIDE_DETECTOR,,,,,
2919926,late,F200W,jw05893018007_02101_00002_nrcb1_cal.fits,mast:JWST/product/jw05893018007_02101_00002_nrcb1_cal.fits,OUTSIDE_DETECTOR,,,,,
2919926,late,F200W,jw05893018005_02101_00005_nrca1_cal.fits,mast:JWST/product/jw05893018005_02101_00005_nrca1_cal.fits,OUTSIDE_DETECTOR,,,,,
2919926,late,F200W,jw05893018005_02101_00004_nrcb3_cal.fits,mast:JWST/product/jw05893018005_02101_00004_nrcb3_cal.fits,OUTSIDE_DETECTOR,,,,,
2919926,late,F200W,jw05893018005_02101_00004_nrca4_cal.fits,mast:JWST/product/jw05893018005_02101_00004_nrca4_cal.fits,OUTSIDE_DETECTOR,,,,,
2919926,late,F200W,jw05893018005_02101_00005_nrcb2_cal.fits,mast:JWST/product/jw05893018005_02101_00005_nrcb2_cal.fits,OUTSIDE_DETECTOR,,,,,
2919926,late,F200W,jw05893018005_02101_00005_nrca4_cal.fits,mast:JWST/product/jw05893018005_02101_00005_nrca4_cal.fits,OUTSIDE_DETECTOR,,,,,
2919926,late,F200W,jw05893018005_02101_00006_nrca1_cal.fits,mast:JWST/product/jw05893018005_02101_00006_nrca1_cal.fits,OUTSIDE_DETECTOR,,,,,
2919926,late,F200W,jw05893018005_02101_00004_nrcb1_cal.fits,mast:JWST/product/jw05893018005_02101_00004_nrcb1_cal.fits,OUTSIDE_DETECTOR,,,,,
2919926,late,F200W,jw05893018005_02101_00006_nrca4_cal.fits,mast:JWST/product/jw05893018005_02101_00006_nrca4_cal.fits,OUTSIDE_DETECTOR,,,,,
2919926,late,F200W,jw05893018005_02101_00006_nrcb3_cal.fits,mast:JWST/product/jw05893018005_02101_00006_nrcb3_cal.fits,OUTSIDE_DETECTOR,,,,,
2919926,late,F200W,jw05893018005_02101_00005_nrca3_cal.fits,mast:JWST/product/jw05893018005_02101_00005_nrca3_cal.fits,OUTSIDE_DETECTOR,,,,,
2919926,late,F200W,jw05893018005_02101_00006_nrca2_cal.fits,mast:JWST/product/jw05893018005_02101_00006_nrca2_cal.fits,OUTSIDE_DETECTOR,,,,,
2919926,late,F200W,jw05893018005_02101_00004_nrcb2_cal.fits,mast:JWST/product/jw05893018005_02101_00004_nrcb2_cal.fits,OUTSIDE_DETECTOR,,,,,
2919926,late,F200W,jw05893018005_02101_00005_nrca2_cal.fits,mast:JWST/product/jw05893018005_02101_00005_nrca2_cal.fits,OUTSIDE_DETECTOR,,,,,
2919926,late,F200W,jw05893018005_02101_00005_nrcb3_cal.fits,mast:JWST/product/jw05893018005_02101_00005_nrcb3_cal.fits,OUTSIDE_DETECTOR,,,,,
2919926,late,F200W,jw05893018005_02101_00004_nrca1_cal.fits,mast:JWST/product/jw05893018005_02101_00004_nrca1_cal.fits,OUTSIDE_DETECTOR,,,,,
2919926,late,F200W,jw05893018005_02101_00005_nrcb1_cal.fits,mast:JWST/product/jw05893018005_02101_00005_nrcb1_cal.fits,OUTSIDE_DETECTOR,,,,,
2919926,late,F200W,jw05893018005_02101_00006_nrcb1_cal.fits,mast:JWST/product/jw05893018005_02101_00006_nrcb1_cal.fits,OUTSIDE_DETECTOR,,,,,
2919926,late,F200W,jw05893018005_02101_00006_nrcb4_cal.fits,mast:JWST/product/jw05893018005_02101_00006_nrcb4_cal.fits,OUTSIDE_DETECTOR,,,,,
2919926,late,F200W,jw05893018005_02101_00006_nrca3_cal.fits,mast:JWST/product/jw05893018005_02101_00006_nrca3_cal.fits,OUTSIDE_DETECTOR,,,,,
2919926,late,F200W,jw05893018005_02101_00005_nrcb4_cal.fits,mast:JWST/product/jw05893018005_02101_00005_nrcb4_cal.fits,OUTSIDE_DETECTOR,,,,,
2919926,late,F200W,jw05893018005_02101_00004_nrcb4_cal.fits,mast:JWST/product/jw05893018005_02101_00004_nrcb4_cal.fits,OUTSIDE_DETECTOR,,,,,
2919926,late,F200W,jw05893018005_02101_00006_nrcb2_cal.fits,mast:JWST/product/jw05893018005_02101_00006_nrcb2_cal.fits,OUTSIDE_DETECTOR,,,,,
2919926,late,F200W,jw05893018004_02101_00001_nrcb1_cal.fits,mast:JWST/product/jw05893018004_02101_00001_nrcb1_cal.fits,OUTSIDE_DETECTOR,,,,,
2919926,late,F200W,jw05893018007_02101_00006_nrca2_cal.fits,mast:JWST/product/jw05893018007_02101_00006_nrca2_cal.fits,OUTSIDE_DETECTOR,,,,,
2919926,late,F200W,jw05893018004_02101_00006_nrca1_cal.fits,mast:JWST/product/jw05893018004_02101_00006_nrca1_cal.fits,OUTSIDE_DETECTOR,,,,,
